
<NumPrims>
63
</NumPrims>
<Primitives>
Rect 0 -1 12.000000 140.000000 216.000000 140.000000 216.000000 190.000000 12.000000 190.000000
Line 0 -1 234.651306 167.175934 243.743896 167.175934
Line 0 -1 247.111633 167.175934 256.204285 167.175934
Line 0 -1 259.571960 167.175934 268.664551 167.175934
Line 0 -1 272.369141 167.175934 281.461670 167.175934
Line 0 -1 285.166260 167.175934 294.258759 167.175934
Line 0 -1 297.626404 167.175934 306.719086 167.175934
Line 0 -1 309.749847 167.175934 318.842407 167.175934
Line 0 -1 322.883850 167.175934 331.976685 167.175934
Line 0 -1 222.191040 167.175934 231.283661 167.175934
Line 0 -1 348.937622 167.175934 358.030334 167.175934
Line 0 -1 361.398071 167.175934 370.490631 167.175934
Line 0 -1 373.858185 167.175934 382.950958 167.175934
Line 0 -1 386.655579 167.175934 395.747711 167.175934
Line 0 -1 399.452789 167.175934 408.545166 167.175934
Line 0 -1 411.912781 167.175934 421.005463 167.175934
Line 0 -1 424.036133 167.175934 433.128906 167.175934
Line 0 -1 437.170135 167.175934 446.262756 167.175934
Line 0 -1 336.477417 167.175934 345.570099 167.175934
Circle 0 -1 232.000000 504.000000 8.000000
Circle 0 -1 252.000000 504.000000 8.000000
Circle 0 -1 272.000000 504.000000 8.000000
Circle 0 -1 292.000000 504.000000 8.000000
Circle 0 -1 312.000000 504.000000 8.000000
Circle 0 -1 332.000000 504.000000 8.000000
Circle 0 -1 352.000000 504.000000 8.000000
Circle 0 -1 372.000000 504.000000 8.000000
Circle 0 -1 392.000000 504.000000 8.000000
Circle 0 -1 412.000000 504.000000 8.000000
Circle 0 -1 432.000000 504.000000 8.000000
Circle 0 -1 452.000000 504.000000 8.000000
Circle 0 -1 473.000000 504.000000 8.000000
Circle 0 -1 493.000000 504.000000 8.000000
Circle 0 -1 513.000000 504.000000 8.000000
Circle 0 -1 533.000000 504.000000 8.000000
Circle 0 -1 553.000000 504.000000 8.000000
Circle 0 -1 573.000000 504.000000 8.000000
Circle 0 -1 593.000000 504.000000 8.000000
Circle 0 -1 613.000000 504.000000 8.000000
Circle 0 -1 633.000000 504.000000 8.000000
Circle 0 -1 653.000000 504.000000 8.000000
Circle 0 -1 673.000000 504.000000 8.000000
Circle 0 -1 693.000000 504.000000 8.000000
Circle 1 -1 140.000000 115.000000 16.000000
Rect 1 -1 304.000000 122.000000 342.000000 122.000000 342.000000 151.000000 304.000000 151.000000
Line 0 -1 464.651306 167.175934 473.743896 167.175934
Line 0 -1 477.111633 167.175934 486.204285 167.175934
Line 0 -1 489.571960 167.175934 498.664551 167.175934
Line 0 -1 502.369141 167.175934 511.461670 167.175934
Line 0 -1 515.166260 167.175934 524.258789 167.175934
Line 0 -1 527.626404 167.175934 536.719116 167.175934
Line 0 -1 539.749878 167.175934 548.842407 167.175934
Line 0 -1 552.883850 167.175934 561.976685 167.175934
Line 0 -1 452.191040 167.175934 461.283661 167.175934
Line 0 -1 578.937622 167.175934 588.030334 167.175934
Line 0 -1 591.398071 167.175934 600.490601 167.175934
Line 0 -1 603.858154 167.175934 612.950928 167.175934
Line 0 -1 616.655579 167.175934 625.747681 167.175934
Line 0 -1 629.452759 167.175934 638.545166 167.175934
Line 0 -1 641.912781 167.175934 651.005493 167.175934
Line 0 -1 654.036133 167.175934 663.128906 167.175934
Line 0 -1 667.170166 167.175934 676.262756 167.175934
Line 0 -1 566.477417 167.175934 575.570068 167.175934
</Primitives>