
<NumPrims>
8
</NumPrims>
<Primitives>
Rect 0 -1 188.000000 279.000000 250.000000 279.000000 250.000000 327.000000 188.000000 327.000000
Circle 1 -1 271.000000 415.000000 19.000000
Rect 0 -1 247.000000 324.000000 309.000000 324.000000 309.000000 372.000000 247.000000 372.000000
Rect 0 -1 307.000000 369.000000 369.000000 369.000000 369.000000 417.000000 307.000000 417.000000
Rect 0 -1 127.000000 235.000000 189.000000 235.000000 189.000000 283.000000 127.000000 283.000000
Rect 0 -1 -5.355446 188.537201 129.115204 188.537231 129.115189 236.348999 -5.355438 236.348999
Circle 1 -1 38.000000 170.000000 19.000000
Circle 0 -1 592.924805 96.582481 6.228021
</Primitives>