
<NumPrims>
6
</NumPrims>
<Primitives>
Rect 0 -1 576.000000 350.000000 596.000000 350.000000 596.000000 615.000000 576.000000 615.000000
Circle 1 -1 780.000000 253.000000 21.000000
Rect 1 -1 274.000000 -16.000000 294.000000 -16.000000 294.000000 228.000000 274.000000 228.000000
Rect 1 -1 575.000000 -15.000000 595.000000 -15.000000 595.000000 228.000000 575.000000 228.000000
Circle 1 -1 90.000000 253.000000 21.000000
Rect 0 -1 275.000000 349.000000 295.000000 349.000000 295.000000 609.000000 275.000000 609.000000
</Primitives>