
<NumPrims>
22
</NumPrims>
<Primitives>
Rect 0 -1 668.000000 125.000000 701.000000 125.000000 701.000000 381.000000 668.000000 381.000000
Line 0 -1 482.000000 217.000000 475.000000 240.000000
Line 0 -1 475.000000 240.000000 467.000000 258.000000
Line 0 -1 467.000000 258.000000 454.000000 273.000000
Line 0 -1 454.000000 273.000000 441.000000 286.000000
Line 0 -1 441.000000 286.000000 424.000000 293.000000
Line 0 -1 424.000000 293.000000 402.000000 302.000000
Line 0 -1 401.000000 302.000000 378.000000 305.000000
Line 0 -1 377.000000 306.000000 353.000000 305.000000
Line 0 -1 353.000000 305.000000 332.000000 300.000000
Line 0 -1 332.000000 300.000000 313.000000 293.000000
Line 0 -1 313.000000 293.000000 295.000000 286.000000
Line 0 -1 295.000000 286.000000 287.000000 276.000000
Line 0 -1 287.000000 276.000000 276.000000 267.000000
Line 0 -1 276.000000 267.000000 267.000000 257.000000
Line 0 -1 267.000000 257.000000 258.000000 244.000000
Line 0 -1 258.000000 244.000000 249.000000 232.000000
Line 0 -1 249.000000 232.000000 245.000000 227.000000
Rect 0 -1 482.000000 211.000000 669.000000 211.000000 669.000000 222.000000 482.000000 222.000000
Circle 1 -1 481.000000 173.000000 19.000000
Circle 1 -1 101.000000 173.000000 19.000000
Circle 1 -1 371.000000 189.000000 74.000000
</Primitives>