
<NumPrims>
6
</NumPrims>
<Primitives>
Poly7 0 -1 163.000000 200.000000 357.000000 358.000000 661.000000 606.000000 382.000000 604.000000 170.000000 424.000000 143.000000 358.000000 148.000000 280.000000
Rect 0 -1 420.044312 409.154480 523.516052 281.283630 562.384521 312.735687 458.912750 440.606537
Rect 0 -1 320.044312 331.154480 403.190735 228.401962 442.059174 259.854004 358.912750 362.606537
Rect 0 -1 537.044312 505.154480 620.190735 402.401978 659.059204 433.854004 575.912720 536.606567
Circle 1 -1 652.000000 398.000000 24.000000
Circle 1 -1 408.000000 209.000000 24.000000
</Primitives>