
<NumPrims>
6
</NumPrims>
<Primitives>
Rect 1 -1 371.000000 226.000000 725.000000 226.000000 725.000000 249.000000 371.000000 249.000000
Rect 1 -1 371.000000 432.000000 725.000000 432.000000 725.000000 455.000000 371.000000 455.000000
Circle 1 -1 225.000000 411.000000 20.000000
Circle 1 -1 222.000000 205.000000 20.000000
Rect 0 -1 1.000000 226.000000 355.000000 226.000000 355.000000 249.000000 1.000000 249.000000
Rect 0 -1 1.000000 432.000000 355.000000 432.000000 355.000000 455.000000 1.000000 455.000000
</Primitives>