
<NumPrims>
6
</NumPrims>
<Primitives>
Rect 1 -1 371.000000 382.000000 725.000000 382.000000 725.000000 405.000000 371.000000 405.000000
Rect 1 -1 371.000000 176.000000 725.000000 176.000000 725.000000 199.000000 371.000000 199.000000
Rect 0 -1 1.000000 176.000000 262.000000 176.000000 262.000000 199.000000 1.000000 199.000000
Rect 0 -1 1.000000 384.000000 262.000000 384.000000 262.000000 407.000000 1.000000 407.000000
Circle 1 -1 522.000000 67.000000 20.000000
Circle 1 -1 522.000000 511.000000 20.000000
</Primitives>