
<NumPrims>
9
</NumPrims>
<Primitives>
Line 1 0 101.000000 121.000000 205.000000 121.000000
Line 1 0 100.000000 217.000000 101.000000 121.000000
Line 1 0 76.000000 98.000000 229.000000 98.000000
Circle 1 -1 575.000000 177.000000 20.000000
Line 1 0 76.000000 218.000000 76.000000 98.000000
Rect 0 -1 365.000000 50.000000 412.000000 50.000000 412.000000 100.000000 365.000000 100.000000
Circle 1 -1 155.000000 177.000000 20.000000
Line 1 0 205.000000 121.000000 204.000000 165.000000
Line 1 0 229.000000 98.000000 228.000000 167.000000
</Primitives>