
<NumPrims>
15
</NumPrims>
<Primitives>
Line 1 0 101.000000 121.000000 205.000000 121.000000
Line 1 0 100.000000 217.000000 101.000000 121.000000
Line 1 0 76.000000 98.000000 229.000000 98.000000
Line 1 0 76.000000 218.000000 76.000000 98.000000
Rect 0 -1 365.000000 50.000000 412.000000 50.000000 412.000000 100.000000 365.000000 100.000000
Circle 1 -1 155.000000 163.000000 20.000000
Line 1 0 563.000000 121.000000 667.000000 121.000000
Line 1 0 538.000000 98.000000 691.000000 98.000000
Circle 1 -1 617.000000 163.000000 20.000000
Line 1 0 666.000000 214.000000 667.000000 118.000000
Line 1 0 692.000000 217.000000 692.000000 97.000000
Line 1 0 205.000000 121.000000 203.000000 215.000000
Line 1 0 229.000000 98.000000 231.000000 217.000000
Line 1 0 539.000000 99.000000 538.000000 212.000000
Line 1 0 565.000000 122.000000 564.000000 212.000000
</Primitives>