
<NumPrims>
7
</NumPrims>
<Primitives>
Poly5 0 -1 451.712585 206.417145 554.660950 319.769348 556.963440 603.813416 358.124451 604.766724 358.211609 321.319763
Line 1 0 189.182648 199.426208 189.182648 141.870544
Line 1 0 717.010620 196.618652 717.010620 141.870544
Line 1 0 187.778656 200.830017 719.818298 200.830017
Rect 0 -1 211.643219 334.191071 316.928192 334.191071 316.928192 360.863129 211.643219 360.863129
Circle 1 -1 673.492920 289.269470 28.075979
Circle 1 -1 302.890137 106.775604 28.075979
</Primitives>