
<NumPrims>
10
</NumPrims>
<Primitives>
Line 0 -1 246.050552 483.627319 246.050552 332.721375
Line 0 -1 246.050552 332.721375 386.366577 242.707275
Line 0 -1 530.653870 483.627319 530.653870 332.721375
Circle 1 -1 383.719025 401.555878 29.122185
Circle 1 -1 383.719025 136.808441 29.122185
Line 1 0 136.797104 476.077972 136.797104 211.588684
Line 1 0 136.797104 211.588684 382.725739 53.823036
Line 1 0 384.499878 54.995113 631.347168 211.320541
Line 1 0 635.615601 476.077972 635.615601 211.588684
Line 0 -1 387.378571 243.376282 528.218689 332.568481
</Primitives>