
<NumPrims>
18
</NumPrims>
<Primitives>
Circle 0 -1 427.000000 101.000000 76.000000
Line 1 0 326.000000 113.000000 332.000000 77.000000
Line 1 0 332.000000 77.000000 348.000000 44.000000
Line 1 0 348.000000 44.000000 377.000000 18.000000
Line 1 0 377.000000 18.000000 416.000000 3.000000
Line 1 0 416.000000 3.000000 458.000000 9.000000
Line 1 0 458.000000 9.000000 496.000000 27.000000
Line 1 0 496.000000 27.000000 515.000000 58.000000
Line 1 0 516.000000 59.000000 522.000000 97.000000
Line 1 0 522.000000 97.000000 522.000000 141.000000
Line 1 0 522.000000 141.000000 523.000000 175.000000
Line 1 0 522.000000 173.000000 522.000000 334.000000
Rect 1 0 425.000000 332.000000 615.000000 332.000000 615.000000 425.000000 425.000000 425.000000
Line 1 0 327.000000 158.000000 327.000000 109.000000
Line 1 0 327.000000 155.000000 325.000000 209.000000
Poly3 1 0 326.000000 207.000000 357.000000 267.000000 289.000000 268.000000
Circle 1 -1 581.000000 264.000000 25.000000
Circle 1 -1 285.000000 213.000000 25.000000
</Primitives>