
<NumPrims>
87
</NumPrims>
<Primitives>
Line 0 -1 14.651306 167.175934 23.743896 167.175934
Line 0 -1 27.111633 167.175934 36.204285 167.175934
Line 0 -1 39.571960 167.175934 48.664551 167.175934
Line 0 -1 52.369141 167.175934 61.461670 167.175934
Line 0 -1 65.166260 167.175934 74.258759 167.175934
Line 0 -1 77.626404 167.175934 86.719086 167.175934
Line 0 -1 89.749847 167.175934 98.842407 167.175934
Line 0 -1 102.883850 167.175934 111.976685 167.175934
Line 0 -1 2.191040 167.175934 11.283661 167.175934
Line 0 -1 128.937622 167.175934 138.030334 167.175934
Line 0 -1 141.398071 167.175934 150.490631 167.175934
Line 0 -1 153.858185 167.175934 162.950958 167.175934
Line 0 -1 166.655579 167.175934 175.747711 167.175934
Line 0 -1 179.452789 167.175934 188.545166 167.175934
Line 0 -1 191.912781 167.175934 201.005463 167.175934
Line 0 -1 204.036133 167.175934 213.128906 167.175934
Line 0 -1 217.170135 167.175934 226.262756 167.175934
Line 0 -1 116.477417 167.175934 125.570099 167.175934
Circle 0 -1 12.000000 304.000000 8.000000
Circle 0 -1 32.000000 304.000000 8.000000
Circle 0 -1 52.000000 304.000000 8.000000
Circle 0 -1 72.000000 304.000000 8.000000
Circle 0 -1 92.000000 304.000000 8.000000
Circle 0 -1 112.000000 303.999969 8.000000
Circle 0 -1 132.000000 304.000000 8.000000
Circle 0 -1 152.000000 304.000000 8.000000
Circle 0 -1 172.000000 304.000000 8.000000
Circle 0 -1 192.000000 304.000000 8.000000
Circle 0 -1 212.000000 304.000000 8.000000
Circle 0 -1 232.000000 304.000000 8.000000
Circle 0 -1 253.000000 304.000000 8.000000
Circle 0 -1 273.000000 304.000000 8.000000
Circle 0 -1 293.000000 304.000000 8.000000
Circle 0 -1 313.000000 304.000000 8.000000
Circle 0 -1 333.000000 304.000000 8.000000
Circle 0 -1 353.000000 304.000000 8.000000
Circle 0 -1 373.000000 304.000000 8.000000
Circle 0 -1 393.000000 304.000000 8.000000
Circle 0 -1 413.000000 304.000000 8.000000
Circle 0 -1 433.000000 304.000000 8.000000
Circle 0 -1 453.000000 304.000000 8.000000
Circle 0 -1 473.000000 303.999969 8.000000
Line 0 -1 244.651306 167.175934 253.743896 167.175934
Line 0 -1 257.111633 167.175934 266.204285 167.175934
Line 0 -1 269.571960 167.175934 278.664551 167.175934
Line 0 -1 282.369141 167.175934 291.461670 167.175934
Line 0 -1 295.166260 167.175934 304.258789 167.175934
Line 0 -1 307.626404 167.175934 316.719116 167.175934
Line 0 -1 319.749878 167.175934 328.842407 167.175934
Line 0 -1 332.883850 167.175934 341.976685 167.175934
Line 0 -1 232.191040 167.175934 241.283661 167.175934
Line 0 -1 358.937622 167.175934 368.030334 167.175934
Line 0 -1 371.398071 167.175934 380.490601 167.175934
Line 0 -1 383.858154 167.175934 392.950928 167.175934
Line 0 -1 396.655579 167.175934 405.747681 167.175934
Line 0 -1 409.452759 167.175934 418.545166 167.175934
Line 0 -1 421.912781 167.175934 431.005493 167.175934
Line 0 -1 434.036133 167.175934 443.128906 167.175934
Line 0 -1 447.170166 167.175934 456.262756 167.175934
Line 0 -1 346.477417 167.175934 355.570068 167.175934
Poly3 0 -1 30.965973 444.274963 39.388855 452.997162 22.243713 452.697754
Poly3 0 -1 10.965973 444.274963 19.388855 452.997162 2.243713 452.697754
Poly3 0 -1 50.965973 444.274963 59.388855 452.997162 42.243713 452.697754
Poly3 0 -1 90.965973 444.274963 99.388855 452.997162 82.243713 452.697754
Poly3 0 -1 70.965973 444.274963 79.388855 452.997162 62.243713 452.697754
Poly3 0 -1 110.965942 444.274963 119.388855 452.997162 102.243713 452.697754
Poly3 0 -1 150.965942 444.274963 159.388855 452.997162 142.243713 452.697754
Poly3 0 -1 130.965942 444.274963 139.388855 452.997162 122.243713 452.697754
Poly3 0 -1 170.965942 444.274963 179.388855 452.997162 162.243713 452.697754
Poly3 0 -1 210.965942 444.274963 219.388855 452.997162 202.243713 452.697754
Poly3 0 -1 190.965942 444.274963 199.388855 452.997162 182.243713 452.697754
Poly3 0 -1 230.965942 444.274963 239.388855 452.997162 222.243713 452.697754
Poly3 0 -1 270.965942 444.274963 279.388855 452.997162 262.243713 452.697754
Poly3 0 -1 250.965942 444.274963 259.388855 452.997162 242.243713 452.697754
Poly3 0 -1 290.965942 444.274963 299.388855 452.997162 282.243713 452.697754
Poly3 0 -1 330.965942 444.274963 339.388855 452.997162 322.243713 452.697754
Poly3 0 -1 310.965942 444.274963 319.388855 452.997162 302.243713 452.697754
Poly3 0 -1 350.965942 444.274963 359.388855 452.997162 342.243713 452.697754
Poly3 0 -1 390.965942 444.274963 399.388855 452.997162 382.243713 452.697754
Poly3 0 -1 370.965942 444.274963 379.388855 452.997162 362.243713 452.697754
Poly3 0 -1 410.965942 444.274963 419.388855 452.997162 402.243713 452.697754
Poly3 0 -1 450.965942 444.274963 459.388855 452.997162 442.243713 452.697754
Poly3 0 -1 430.965942 444.274963 439.388855 452.997162 422.243713 452.697754
Poly3 0 -1 470.965942 444.274963 479.388855 452.997162 462.243713 452.697754
Rect 1 -1 9.000000 118.000000 57.000000 118.000000 57.000000 155.000000 9.000000 155.000000
Rect 1 -1 9.000000 249.000000 57.000000 249.000000 57.000000 286.000000 9.000000 286.000000
Rect 1 -1 9.000000 399.000000 57.000000 399.000000 57.000000 436.000000 9.000000 436.000000
</Primitives>