
<NumPrims>
10
</NumPrims>
<Primitives>
Line 0 -1 714.843994 238.726334 663.244690 155.256271
Line 0 -1 664.762573 156.773926 561.562805 156.773926
Line 0 -1 560.044739 158.291565 517.551086 234.173416
Line 0 -1 517.551086 234.173416 517.551086 299.431702
Line 0 -1 517.551086 302.467010 517.551086 311.573151
Line 0 -1 517.551086 308.537750 573.703918 372.278473
Line 0 -1 573.703918 372.278473 672.350098 370.760895
Line 0 -1 672.350098 370.760895 710.291626 316.125793
Circle 1 -1 611.000000 256.000000 17.000000
Circle 1 -1 194.000000 261.000000 17.000000
</Primitives>