
<NumPrims>
10
</NumPrims>
<Primitives>
Line 0 -1 135.000000 340.000000 174.000000 373.000000
Line 0 -1 174.000000 373.000000 226.000000 392.000000
Line 0 -1 226.000000 392.000000 305.000000 403.000000
Line 0 -1 305.000000 403.000000 378.000000 406.000000
Line 0 -1 378.000000 406.000000 441.000000 397.000000
Line 0 -1 441.000000 397.000000 499.000000 374.000000
Line 0 -1 499.000000 374.000000 539.000000 337.000000
Line 0 -1 341.000000 329.000000 342.000000 402.000000
Circle 1 -1 268.000000 318.000000 20.000000
Circle 1 -1 417.000000 318.000000 20.000000
</Primitives>