
<NumPrims>
15
</NumPrims>
<Primitives>
Line 1 0 101.000000 121.000000 205.000000 121.000000
Line 1 0 100.000000 217.000000 101.000000 121.000000
Line 1 2 76.000000 98.000000 229.000000 98.000000
Line 1 2 76.000000 218.000000 76.000000 98.000000
Circle 1 -1 155.000000 163.000000 20.000000
Line 1 1 563.000000 121.000000 667.000000 121.000000
Line 1 3 538.000000 98.000000 691.000000 98.000000
Circle 1 -1 617.000000 163.000000 20.000000
Line 1 1 666.000000 214.000000 667.000000 118.000000
Line 1 3 692.000000 217.000000 692.000000 97.000000
Line 1 0 205.000000 121.000000 203.000000 215.000000
Line 1 2 229.000000 98.000000 231.000000 217.000000
Line 1 3 539.000000 99.000000 538.000000 212.000000
Line 1 1 565.000000 122.000000 564.000000 212.000000
Rect 0 -1 246.000000 286.000000 541.000000 286.000000 541.000000 309.000000 246.000000 309.000000
</Primitives>