
<NumPrims>
11
</NumPrims>
<Primitives>
Line 0 -1 358.000000 168.000000 455.000000 168.000000
Line 0 -1 406.000000 81.000000 360.000000 165.000000
Line 0 -1 407.000000 83.000000 456.000000 168.000000
Line 1 0 310.000000 346.000000 407.000000 346.000000
Line 1 0 358.000000 259.000000 312.000000 343.000000
Line 1 0 359.000000 261.000000 408.000000 346.000000
Line 1 0 458.000000 259.000000 412.000000 343.000000
Line 1 0 459.000000 261.000000 508.000000 346.000000
Circle 1 -1 407.000000 193.000000 17.000000
Circle 1 -1 410.000000 438.000000 17.000000
Line 1 0 410.000000 346.000000 507.000000 346.000000
</Primitives>