
<NumPrims>
6
</NumPrims>
<Primitives>
Rect 0 -1 3.000000 541.000000 1026.000000 541.000000 1026.000000 591.000000 3.000000 591.000000
Rect 0 -1 -4.000000 277.000000 167.000000 277.000000 167.000000 302.000000 -4.000000 302.000000
Rect 0 -1 257.184601 221.278687 166.824890 299.672516 150.441772 280.788757 240.801483 202.394928
Rect 0 -1 239.000000 203.000000 392.000000 203.000000 392.000000 228.000000 239.000000 228.000000
Circle 1 -1 228.000000 161.000000 22.000000
Circle 1 -1 360.000000 518.000000 22.000000
</Primitives>