
<NumPrims>
7
</NumPrims>
<Primitives>
Rect 0 -1 -7.000000 130.000000 344.000000 130.000000 344.000000 158.000000 -7.000000 158.000000
Rect 0 -1 352.062622 130.009918 351.988892 247.005127 325.988647 246.988708 326.062378 129.993500
Rect 0 -1 228.000000 220.000000 353.000000 220.000000 353.000000 246.000000 228.000000 246.000000
Rect 0 -1 254.062622 222.009918 253.996445 326.999390 227.996201 326.982971 228.062378 221.993500
Rect 0 -1 230.000000 308.000000 355.000000 308.000000 355.000000 335.000000 230.000000 335.000000
Circle 1 -1 281.000000 199.000000 20.000000
Circle 1 -1 296.000000 288.000000 19.000000
</Primitives>