Cylinder 1.234332 0.175280
1.000000 0.000000 0.000000 0.000000
0.000000 1.000000 0.000000 0.000000
0.000000 0.000000 1.000000 0.000000
-0.000000 1.393552 0.000000 1.000000
Box 2.645000 0.157440 2.644999
0.996195 0.000000 -0.087156 0.000000
0.000000 1.000000 0.000000 0.000000
0.087156 0.000000 0.996195 0.000000
0.000001 0.000001 0.000000 1.000000
Cone 2.619417 0.282159
1.000000 0.000000 0.000000 0.000000
0.000000 -1.000000 -0.000000 0.000000
0.000000 0.000000 -1.000000 0.000000
-0.000000 -0.943568 0.000000 1.000000
